9.984355768254495056e-03
1.330485027390484220e+03
9.984789617047422894e+01
1.011017190785571881e-02
1.321240712496351307e+03
9.995563934304917098e+01
1.015652669883656059e-02
1.312834971010633353e+03
9.992986560821844932e+01
1.017963047824791550e-02
1.316164632223205444e+03
9.999632339261731317e+01
1.018747902756147843e-02
1.312024776138179277e+03
1.000840074361636880e+02
1.015103373218658595e-02
1.322946718423433140e+03
1.003489927887406878e+02
1.037454984997236880e-02
1.299701112056984357e+03
1.001318120709505024e+02
1.040110627020552313e-02
1.298510657836621931e+03
1.001499620036924796e+02
1.033806901422090231e-02
1.302584733378494320e+03
1.002219743323366856e+02
1.043800665024691848e-02
1.295786195747911506e+03
1.001685410946558079e+02
1.050505918784837463e-02
1.291784109067384179e+03
1.003657747182109290e+02
1.061666974558914817e-02
1.282667066477889875e+03
1.003597410042819149e+02
7.729033604438456488e-03
1.637304540703321209e+03
1.037237564806839600e+02
1.087458335727373680e-02
1.268413283478194217e+03
1.007389280273551151e+02
1.101245893409652683e-02
1.265966260205017079e+03
1.010599740547526153e+02
1.120030258204124385e-02
1.249921130084455399e+03
1.010472770139984959e+02
1.128499801998896629e-02
1.241776069993929468e+03
1.009748407549342062e+02
1.163643012792029904e-02
1.218053989008144072e+03
1.007739477772528147e+02
1.156728634059752021e-02
1.226896426784158848e+03
1.013697740548829245e+02
1.145794093454141974e-02
1.238098303866112246e+03
1.015805379581470334e+02
1.205629979125569413e-02
1.190179905320331045e+03
1.010721091330024421e+02
6.502691749846666210e-03
1.902795215807650493e+03
1.069883894465282594e+02
1.176099687277490889e-02
1.217623072468952614e+03
1.016013060342895074e+02
5.754715476307068096e-03
2.090098569018202397e+03
1.083207734566432805e+02
1.249254636968569372e-02
1.169966469971103834e+03
1.015089255633744614e+02
1.242069730250522711e-02
1.182859869259387324e+03
1.021229280626419182e+02
1.248608388379671662e-02
1.177898854216071641e+03
1.021913011168039986e+02
1.249291702083807180e-02
1.175782432085607297e+03
1.022000703766608609e+02
1.255044198024623733e-02
1.172072991314069441e+03
1.021955546039248333e+02
1.270098511837548100e-02
1.164791204892051837e+03
1.023597577035472881e+02
1.263780871758174613e-02
1.170144924893730149e+03
1.025140062148815332e+02
1.037091916124635235e-02
1.367566607711854886e+03
1.047931924651828410e+02
1.293773211601727778e-02
1.154670602274616613e+03
1.025921475902488567e+02
1.325659336926417707e-02
1.131936401902905345e+03
1.023683041933025493e+02
1.312889129338721747e-02
1.143511063782434576e+03
1.027824999839209852e+02
1.295744407734230816e-02
1.156996197917556174e+03
1.030453694005346676e+02
1.321741727166134139e-02
1.139993948369130976e+03
1.028873664109034252e+02
5.332502040140867441e-03
2.276082296371089797e+03
1.111327915484483526e+02
1.342081301009783942e-02
1.133486174692654913e+03
1.030339373294404481e+02
6.435434870174276678e-03
1.992511774782095245e+03
1.101513859247568803e+02
1.335337243806093005e-02
1.139091743876068676e+03
1.034078896114661461e+02
1.356201751349987716e-02
1.124014674114533591e+03
1.032261026464225182e+02
1.398675088386792421e-02
1.101059652292098235e+03
1.029631657091061214e+02
7.102434174091606933e-03
1.854536119194387084e+03
1.095791993056930380e+02
1.409841327932741598e-02
1.091973609871117105e+03
1.028913606581716067e+02
1.380254439589449073e-02
1.112457810841580340e+03
1.033904883741671625e+02
1.389167095880950754e-02
1.108602857174878864e+03
1.034737784068927766e+02
6.399790972430857879e-03
2.038646515639422887e+03
1.118439366374555846e+02
6.066985560044706356e-03
2.125179510997551461e+03
1.122986561441105380e+02
4.015633335985418530e-03
2.861585228723925411e+03
1.146208648198882258e+02
3.222948349035139985e-03
3.335693635291505871e+03
1.156538231978790350e+02
3.216128458156799347e-03
3.330697411178282891e+03
1.157290622513175009e+02
4.485060337740727661e-03
2.659040521085478758e+03
1.144330337853423885e+02
5.874937147911699596e-03
2.199225753017290117e+03
1.133932814859774396e+02
3.423982925925379665e-03
3.225685606940874550e+03
1.161231756280240006e+02
4.833594135881751248e-03
2.533544623490644426e+03
1.146498272804143426e+02
6.132935972562461938e-03
2.133233216596044713e+03
1.134235999890473892e+02
3.801681557366507445e-03
3.014631876440713768e+03
1.158904023272329766e+02
3.682161637364470864e-03
3.091726584171498871e+03
1.162637592209335935e+02
4.929558756321178112e-03
2.600322198517384095e+03
1.177889395850644121e+02
2.171196102741411536e-03
4.532659070599772349e+03
1.206047914470026114e+02
3.633056199472255946e-03
3.275173015680054050e+03
1.200895608723827479e+02
3.888262036262469992e-03
3.140592593948586909e+03
1.202071090141779166e+02
4.379164178946155263e-03
2.892338949648899870e+03
1.201853012220054921e+02
4.328135710631131512e-03
2.925901366088130544e+03
1.206666285196268689e+02
4.466414465276228284e-03
2.909493410002358814e+03
1.217021090548705615e+02
1.696565442476263667e-03
5.463990601031283404e+03
1.247818567285544589e+02
3.003297826198291897e-03
3.920633071240983554e+03
1.244779450486007590e+02
2.096033941991438162e-03
5.027891353144472305e+03
1.262946387334656748e+02
9.384697395810071572e-04
8.684994882914439586e+03
1.267024271540458642e+02
1.966130784688670339e-03
5.284464471959726325e+03
1.276189185950941152e+02
1.024802127802610947e-03
8.572054088986555143e+03
1.279642823800200802e+02
2.349723153284930931e-03
4.794081051689731794e+03
1.280662869825596033e+02
7.982435722042197914e-04
1.041620749256747331e+04
1.290637039329311619e+02
1.064882755978275490e-03
8.711744913126252868e+03
1.298059415979693654e+02
1.334386197713968800e-03
7.224632676839552914e+03
1.298873653798042938e+02
1.496730488971531169e-03
6.372205951497268870e+03
1.305753051961505946e+02
8.040996545864546614e-04
1.081112054496530436e+04
1.317253826668923011e+02
