1.322332113872805581e-01
1.680187419221722109e+02
1.980810676461331354e+02
5.524153285361825283e+01
2.751549047253728286e+00
1.405578255735884519e-01
1.565470375069374711e+02
1.831367545906636281e+02
5.464355774747673422e+01
2.754661358760379652e+00
1.175742003905015792e-01
1.957429968291308455e+02
2.337293559030370886e+02
5.642762233112007664e+01
2.756778977709624545e+00
1.175812488765910074e-01
1.956584058991338964e+02
2.333200565434204066e+02
5.706468059546314464e+01
2.756597566708539837e+00
1.337741386843011027e-01
1.777931191767689256e+02
2.095256344053902922e+02
5.475137947956100248e+01
2.793112298335547639e+00
1.251319671501426034e-01
1.842727295561122673e+02
2.184267865154346850e+02
5.731298216212307040e+01
2.763792348141287381e+00
1.254578456956373933e-01
1.861609115957197105e+02
2.210006420898163242e+02
5.769381364565343517e+01
2.773024675529104144e+00
1.254367537190669013e-01
1.860786082781568780e+02
2.208961686741702408e+02
5.800510359235342150e+01
2.772039207628337554e+00
1.336892364511514386e-01
1.765905890334155686e+02
2.076497520367981338e+02
5.865723035875709002e+01
2.784821826965445890e+00
1.503410510360340402e-01
1.504337537958722635e+02
1.713193347633817041e+02
5.826450295718387906e+01
2.776719332506287774e+00
1.257055976697485089e-01
1.874892791273518640e+02
2.227756624139406654e+02
6.006788547891192565e+01
2.777710367397767222e+00
1.338094511621448490e-01
1.777449492794717685e+02
2.087422539513675872e+02
5.889353373805060698e+01
2.788225876981015539e+00
1.254523113438006376e-01
1.855673890931686003e+02
2.201361498620292423e+02
6.069773856443354987e+01
2.769632619338415314e+00
1.254788242246176189e-01
1.856586289369919598e+02
2.207415548501739977e+02
6.089496877875644998e+01
2.770115631009719248e+00
1.292217566584554500e-01
1.787501223619308064e+02
2.111581879332129006e+02
6.161387406747672202e+01
2.767290147412512447e+00
