1.341005907244279538e-01
1.796825918216999867e+02
2.115289446985698874e+02
5.590213785180822015e+01
2.801848274163571961e+00
1.338609639675640284e-01
1.783392113377055921e+02
2.098164974110610217e+02
5.624531430657953024e+01
2.793625815710170990e+00
1.339066723520351276e-01
1.786166778592828450e+02
2.095545875066232782e+02
5.690573035972192883e+01
2.794106496916570759e+00
1.339043985853954066e-01
1.786327626314044608e+02
2.094186542963131785e+02
5.725155776599422097e+01
2.793528993249704495e+00
1.340637704748546821e-01
1.789935490560846176e+02
2.103614602700387763e+02
5.852427062345668674e+01
2.796791847506845397e+00
1.340605700960840474e-01
1.790207299015279148e+02
2.103356920710169788e+02
5.853960566455498338e+01
2.796667427684757623e+00
1.342311736004298539e-01
1.800927001814990263e+02
2.115514236287822882e+02
5.863088233745656908e+01
2.802016161792009186e+00
1.339773367839383611e-01
1.780460289818041701e+02
2.095201445016586774e+02
5.931369279278442264e+01
2.792932229559866197e+00
1.338842794032636951e-01
1.775845201821791477e+02
2.089140426281429370e+02
6.048175643663853407e+01
2.788411247166014739e+00
