6.707662985673058520e-01
6.647727308697014975e-03
6.652469138293254218e+02
2.345891870748574026e-01
6.849333083941947994e-03
6.700832548761069347e+02
8.639349155485109844e-01
4.194978511673531918e-03
6.805454866787293895e+02
3.335826333405428334e-03
5.954682144416291630e-03
6.811096923517942514e+02
4.933180170993172187e-01
5.243374664136797939e-03
6.850629987215777419e+02
5.914518120649502331e-01
4.478601969037845215e-03
6.933612959791252024e+02
6.411781595528883715e-01
2.327610277639982541e-03
7.440501876312305285e+02
