1.811118913311854612e+02
5.224133191889968053e-02
6.344481474884878480e+02
8.605139927716355714e+02
3.973866476501468348e-02
6.346327876197858586e+02
1.452133982058410993e+03
1.021357346190415738e-02
6.571428484997868509e+02
1.971860013688539311e+03
-1.540844819018534614e-03
7.142956995941638070e+02
2.429088011614456718e+03
-1.536180823351052799e-02
7.403774568091707806e+02
2.836971868056871244e+03
-2.395921121943071080e-02
7.503819235354317243e+02
3.195207270151975990e+03
-3.596670747871853757e-02
7.840550254457135679e+02
3.521432758931128774e+03
-4.577336951604399351e-02
8.013576390231803543e+02
3.811766505148456417e+03
-5.604127002506023580e-02
8.384042238219030878e+02
4.074903021469876876e+03
-6.520798467661306774e-02
8.656107017004318323e+02
4.310495227289497052e+03
-7.235876624329955209e-02
8.893635601174025851e+02
4.528229686005786789e+03
-7.893495771185393695e-02
9.129206280914592071e+02
4.725590054602495911e+03
-8.496659356747984781e-02
9.364973233578558620e+02
4.904297596187779163e+03
-9.156214587839331398e-02
9.717543090964733210e+02
5.070082170367971230e+03
-9.543999499866399894e-02
9.819508702987790230e+02
