6.716627513336363986e-01
4.415682976578271142e-03
6.906623798942492840e+02
2.845802143586522726e-01
5.117970287189934492e-03
6.910584671909997496e+02
2.404639871729600253e-01
4.641325716191654557e-03
6.998050256213135754e+02
1.311539086109046182e-01
4.487687015166947312e-03
7.039733391532133737e+02
5.082557749422231819e-01
3.333828539744256719e-03
7.220437681066008508e+02
5.033424325709334735e-01
3.338400252717364878e-03
7.221781556770365569e+02
6.833041890982562983e-01
2.681457959618395535e-03
7.261160624188222528e+02
3.543189332372377875e-01
3.288666890389494325e-03
7.302404483085725815e+02
2.503927008116820646e-02
3.102936031629741076e-03
7.429115263903995583e+02
